NAME X Y KRON_FLUX REDSHIFT QUALITY
0 1578.61 4.93 40.08 0.2391 1.41
1 1082.28 8.82 13.52 0.215 1.98
2 1385.73 21.51 78.92 0.225 1.32
3 1367.07 30.83 29.28 0.227 1.49
4 1928.23 28.3 6.63 0.2442 1.6
5 578.48 31.81 18.9 0.2244 2.44
6 1217.73 33.7 15.21 0.215 1.53
7 324.87 40.26 10.43 0.2372 1.67
8 134.47 44.82 29.17 0.2232 1.36
9 784.25 43.47 11.81 0.2351 1.75
10 830.05 50.72 106.93 0.2289 1.23
11 192.31 48.44 24.33 0.215 1.49
12 790.94 50.97 38.34 0.2302 1.4
13 1502.23 55.08 188.26 0.2404 1.19
14 758.49 57.48 11.0 0.2417 2.36
15 202.51 61.38 36.49 0.2223 1.71
16 102.63 66.11 29.82 0.224 1.78
17 369.0 64.81 10.19 0.2333 1.77
18 361.84 68.27 5.4 0.2154 1.82
19 242.62 85.6 61.51 0.2282 1.5
20 657.4 89.94 19.07 0.215 1.52
21 993.42 89.75 5.06 0.2365 2.65
22 966.35 93.19 26.96 0.2286 1.47
23 1664.57 91.74 6.03 0.238 3.08
24 1225.14 98.05 41.7 0.2241 1.4
25 1314.54 115.83 24.66 0.2386 1.64
26 1238.15 118.83 107.38 0.238 1.31
27 982.55 143.95 4998.09 0.2282 1.2
28 1938.55 124.84 6.81 0.2327 3.3
29 1236.73 135.02 7.41 0.2286 1.59
30 442.45 138.99 5.05 0.215 2.55
31 1699.99 150.53 21.52 0.2342 1.87
32 1044.17 156.9 7.13 0.2287 3.26
33 1673.07 161.94 61.65 0.2286 1.31
34 1393.39 170.38 25.85 0.2385 1.51
35 1131.34 169.99 6.78 0.215 1.61
36 136.96 183.18 25.82 0.2241 1.56
37 832.25 193.54 20.08 0.215 1.32
38 941.79 197.92 83.34 0.215 1.2
39 974.42 194.4 11.21 0.2229 2.31
40 650.29 203.54 54.11 0.2346 1.23
41 1012.79 205.2 4.72 0.2222 6.91
42 785.48 209.89 8.12 0.2386 1.41
43 43.62 214.97 16.03 0.2305 1.47
44 1065.99 221.49 7.65 0.2342 1.6
45 688.19 227.09 10.66 0.224 1.61
46 1723.74 231.59 43.45 0.2246 1.35
47 1223.13 242.15 6.87 0.2258 1.4
48 1268.08 247.44 12.85 0.231 1.44
49 398.09 255.48 214.94 0.215 1.21
50 480.55 259.78 198.44 0.2275 1.24
51 1885.74 256.44 13.46 0.2327 1.74
52 1254.46 265.05 46.1 0.2154 1.25
53 244.97 263.93 14.05 0.215 1.56
54 1181.66 267.49 81.25 0.218 1.22
55 1854.91 282.74 915.78 0.2287 1.22
56 1193.12 276.57 9.79 0.2371 1.36
57 411.21 277.98 18.52 0.215 1.56
58 1037.17 283.6 48.37 0.2456 4.14
59 482.54 285.25 27.82 0.2241 1.53
60 1106.1 286.65 100.86 0.2296 1.22
61 332.77 287.21 16.14 0.227 1.69
62 1089.58 290.14 9.35 0.2286 1.81
63 298.73 294.3 4.55 0.2235 1.66
64 398.15 297.73 6.94 0.2286 1.68
65 76.11 303.3 21.55 0.2257 1.77
66 1021.69 303.13 11.45 0.215 1.41
67 126.18 308.49 183.8 0.2375 1.22
68 461.52 306.35 34.65 0.2238 1.67
69 930.27 308.51 12.95 0.2446 1.39
70 824.55 311.6 18.71 0.2305 11.57
71 591.8 313.93 22.71 0.2281 1.43
72 578.2 320.19 11.98 0.215 1.38
73 492.39 329.35 94.15 0.2244 1.42
74 19.21 325.09 22.61 0.2261 11.23
75 1146.85 325.68 7.41 0.2275 3.01
76 1029.41 334.65 7.32 0.215 2.15
77 1940.22 343.58 20.99 0.215 1.66
78 880.12 349.82 8.86 0.2359 1.68
79 470.86 355.82 9.28 0.2313 1.66
80 137.73 362.38 54.78 0.2313 1.32
81 568.46 364.81 71.56 0.2241 1.7
82 896.38 362.14 13.95 0.2243 1.64
83 1158.58 367.44 9.94 0.215 1.59
84 1132.86 374.95 38.71 0.2243 1.52
85 1849.51 373.04 4.93 0.2254 1.04
86 14.56 396.66 3114.8 0.2087 -0.06
87 403.28 380.4 44.97 0.2263 1.29
88 825.43 384.44 239.17 0.2302 1.29
89 1000.34 383.57 37.92 0.2237 1.3
90 1380.46 383.35 15.27 0.215 1.53
91 1609.22 390.6 31.69 0.215 1.34
92 347.34 394.77 23.7 0.2244 2.03
93 446.8 398.79 25.66 0.2243 1.63
94 1032.18 398.14 9.76 0.2386 1.4
95 1459.89 400.01 7.63 0.2257 1.81
96 1337.93 408.87 8.8 0.2345 1.97
97 1567.06 415.33 87.36 0.2228 1.24
98 114.84 420.64 30.05 0.2241 1.96
99 909.42 430.98 55.49 0.2292 1.32
100 163.71 433.57 29.37 0.2241 1.75
101 385.94 441.47 65.52 0.2241 2.61
102 611.44 441.5 40.22 0.2289 1.29
103 348.97 439.66 8.94 0.2391 1.65
104 377.85 439.7 8.46 0.2269 6.59
105 601.97 439.97 9.23 0.229 3.12
106 1449.14 439.15 5.85 0.2307 1.67
107 322.99 446.61 88.7 0.2246 1.41
108 770.05 445.72 16.4 0.2287 1.53
109 1306.15 444.63 4.2 0.215 2.42
110 938.83 445.99 5.6 0.2353 1.79
111 1633.78 463.31 864.05 0.2087 -0.06
112 888.09 461.35 13.42 0.225 2.14
113 1046.49 460.98 5.19 0.2255 6.31
114 1689.0 469.39 57.6 0.2241 1.42
115 371.14 470.96 31.73 0.2241 1.6
116 383.03 475.86 15.26 0.224 2.81
117 1911.65 477.94 66.45 0.2244 1.34
118 12.32 476.61 13.54 0.2244 2.43
119 1800.04 477.3 15.1 0.2276 1.83
120 55.88 483.53 47.09 0.2241 1.66
121 12.66 482.52 8.93 0.2342 1.88
122 990.11 482.5 8.89 0.215 1.43
123 1821.54 493.64 116.9 0.2311 1.15
124 12.59 491.83 10.44 0.2342 1.82
125 1500.24 495.12 24.57 0.2241 1.38
126 12.4 499.41 8.36 0.215 1.74
127 262.24 499.23 9.57 0.2295 1.71
128 328.33 500.21 3.2 0.215 2.14
129 878.12 505.72 33.69 0.2423 1.4
130 1072.49 503.26 10.06 0.2289 1.36
131 179.09 515.86 937.8 0.2249 2.31
132 813.8 509.41 22.01 0.2241 1.61
133 770.61 510.96 28.94 0.2244 1.43
134 322.17 512.4 14.71 0.225 1.48
135 1407.32 511.87 10.06 0.2214 1.47
136 1181.12 515.35 7.6 0.2325 1.98
137 12.76 516.0 6.79 0.215 2.34
138 1548.13 521.31 8.68 0.2307 1.41
139 1111.95 529.05 27.4 0.2458 3.11
140 1149.76 534.32 145.14 0.215 1.21
141 1545.62 531.89 33.01 0.2247 1.46
142 999.15 536.82 10.7 0.2255 1.64
143 1065.89 546.1 14.94 0.225 1.44
144 1000.75 546.53 17.88 0.2234 1.76
145 1458.52 547.54 11.45 0.2438 1.79
146 1514.79 549.92 8.87 0.215 2.24
147 2.39 555.22 24.47 0.224 1.7
148 79.39 558.03 38.68 0.2287 1.38
149 1817.53 559.08 91.68 0.2292 1.36
150 699.19 558.02 10.41 0.2458 7.66
151 439.88 559.25 11.54 0.2244 2.98
152 112.15 562.94 9.69 0.2401 1.94
153 1565.51 565.17 16.74 0.2243 1.51
154 777.51 572.51 72.66 0.2243 1.45
155 565.97 572.27 30.28 0.224 1.51
156 1214.8 573.06 5.98 0.2151 1.69
157 1406.99 578.38 15.16 0.2243 2.32
158 627.57 581.61 29.96 0.2331 1.43
159 544.75 599.16 159.48 0.2339 1.22
160 363.6 596.99 28.61 0.2226 1.3
161 1908.49 599.79 68.46 0.2269 3.31
162 1710.35 611.85 179.98 0.215 1.22
163 1202.92 609.83 22.14 0.2455 3.96
164 981.13 618.17 16.9 0.2243 1.54
165 1085.91 620.66 23.22 0.2243 1.58
166 561.71 622.87 33.11 0.224 2.02
167 569.05 620.87 9.64 0.2395 2.01
168 877.84 625.01 32.52 0.2342 1.35
169 502.21 630.85 13.07 0.215 1.69
170 367.19 636.92 452.42 0.215 1.31
171 1270.15 633.09 18.72 0.2243 2.18
172 664.78 643.29 552.41 0.2377 1.54
173 987.08 636.85 13.41 0.2241 1.74
174 1680.45 638.24 11.41 0.235 1.56
175 407.44 639.75 16.43 0.2293 4.46
176 1308.99 643.61 12.66 0.2363 7.66
177 12.53 646.22 20.21 0.2243 1.74
178 1604.22 646.72 16.42 0.2244 1.49
179 1734.96 648.24 21.16 0.2246 1.62
180 180.78 652.76 52.79 0.2154 1.28
181 147.1 655.67 70.28 0.2363 1.24
182 1867.75 652.94 14.14 0.2345 2.41
183 882.15 655.35 21.53 0.2241 1.65
184 1726.65 653.74 18.94 0.2289 1.34
185 1320.84 656.2 5.85 0.2151 1.49
186 502.25 661.4 8.88 0.2327 1.59
187 447.06 661.99 16.0 0.2232 1.47
188 650.84 696.2 4656.83 0.2087 -0.06
189 1596.93 662.49 5.54 0.2401 1.78
190 1175.48 666.18 10.44 0.2222 1.98
191 855.71 671.56 17.25 0.2244 1.45
192 1630.97 673.53 15.63 0.215 1.69
193 799.89 674.81 9.92 0.2273 2.17
194 1108.42 677.75 27.33 0.2313 1.38
195 1448.41 679.21 5.77 0.2243 1.42
196 380.7 689.16 152.97 0.2282 1.2
197 1937.55 687.82 8.36 0.2365 2.38
198 552.41 694.33 12.25 0.2243 2.61
199 935.5 695.43 8.62 0.2353 1.54
200 1340.26 711.41 89.61 0.2307 1.18
201 449.48 709.09 20.43 0.2305 2.06
202 871.67 712.42 31.56 0.2456 6.37
203 949.22 715.17 147.43 0.2299 1.15
204 1779.63 712.89 13.49 0.229 2.0
205 1189.14 718.27 17.79 0.2243 1.48
206 1068.85 722.34 58.67 0.2327 1.32
207 1565.66 719.45 12.21 0.229 2.27
208 545.68 721.56 19.94 0.224 2.15
209 1607.96 719.81 9.72 0.2266 2.82
210 1929.51 720.97 8.77 0.2371 1.7
211 569.64 723.34 16.25 0.2243 1.57
212 467.94 731.53 17.16 0.2241 1.51
213 1661.85 734.47 62.29 0.2311 1.22
214 1787.75 738.84 21.51 0.2244 1.57
215 1580.66 738.94 8.14 0.2362 2.3
216 197.33 745.33 34.27 0.2237 1.38
217 287.75 749.85 58.0 0.2287 1.24
218 245.97 760.47 14.82 0.2241 2.01
219 672.87 761.03 10.04 0.2438 1.68
220 519.66 769.91 13.98 0.2151 1.43
221 96.03 775.74 324.69 0.2359 1.17
222 1751.39 774.64 11.23 0.2354 1.64
223 19.26 776.11 13.58 0.2388 1.58
224 185.73 787.39 717.78 0.2318 1.6
225 1427.86 787.69 227.94 0.2313 1.41
226 1586.71 784.29 10.13 0.2354 2.22
227 1467.03 787.31 7.44 0.2435 1.96
228 202.38 789.3 11.85 0.2249 1.88
229 353.92 796.69 15.42 0.2385 2.24
230 1879.85 800.36 114.64 0.2313 1.29
231 1366.52 798.45 9.27 0.2275 2.09
232 562.24 799.42 8.8 0.2228 1.51
233 887.93 801.25 15.15 0.2214 1.55
234 166.88 804.92 14.06 0.2427 2.06
235 951.52 807.03 38.67 0.2334 1.4
236 649.03 813.5 59.79 0.227 1.57
237 558.09 815.79 14.28 0.2244 1.45
238 941.58 820.22 24.23 0.215 1.34
239 645.29 820.3 13.66 0.2232 2.13
240 650.17 820.5 8.94 0.2345 1.68
241 782.39 824.4 13.97 0.215 1.78
242 645.83 825.2 11.41 0.2342 2.61
243 649.99 825.36 16.94 0.2279 1.58
244 241.29 829.76 59.17 0.215 1.19
245 1341.24 826.79 6.09 0.2255 5.29
246 175.34 830.7 11.85 0.2151 1.6
247 442.21 832.8 14.86 0.2243 1.72
248 1474.93 836.13 16.06 0.2243 2.08
249 113.67 842.21 187.27 0.2214 1.17
250 1767.19 844.22 9.2 0.2385 2.08
251 877.5 851.59 59.54 0.2234 1.41
252 1174.28 851.55 6.67 0.2243 1.71
253 723.67 854.47 7.0 0.2392 1.57
254 1363.99 856.22 6.04 0.241 1.55
255 1158.84 860.3 7.95 0.2273 1.58
256 426.79 865.6 4.98 0.2267 2.03
257 886.74 869.85 15.11 0.2353 1.6
258 1206.58 872.02 7.62 0.2398 2.92
259 1463.27 877.72 7.77 0.2378 2.18
260 1874.94 891.76 13.72 0.2339 2.9
261 1594.86 893.44 15.22 0.2241 1.67
262 1829.81 892.0 5.92 0.2401 2.54
263 1182.5 896.93 9.03 0.2258 1.52
264 319.99 899.19 7.6 0.224 2.81
265 709.89 900.81 15.88 0.2298 1.99
266 483.61 905.01 21.16 0.2243 1.74
267 1099.36 905.26 10.04 0.2311 1.66
268 387.3 906.98 11.29 0.2151 1.55
269 1289.43 907.75 7.94 0.2215 3.65
270 1640.18 914.41 56.66 0.2286 1.24
271 1071.21 916.47 23.69 0.215 1.36
272 1161.16 915.93 8.86 0.2424 1.54
273 791.56 922.15 43.61 0.2238 1.51
274 1161.56 928.38 17.75 0.2243 1.53
275 25.87 928.28 9.03 0.2235 2.1
276 1509.18 928.44 6.16 0.2391 1.64
277 542.29 930.45 10.86 0.2249 1.88
278 63.65 932.43 10.53 0.2324 1.64
279 651.33 938.14 7.54 0.2279 2.07
280 794.05 940.79 6.5 0.2427 1.79
281 1346.97 944.49 8.85 0.2235 1.76
282 589.17 947.9 9.43 0.2281 1.77
283 1802.09 950.44 17.93 0.2276 1.64
284 1424.82 950.21 6.09 0.2281 1.82
285 1718.55 951.32 21.71 0.2244 1.77
286 521.96 956.55 19.51 0.2244 1.51
287 147.17 955.78 10.74 0.2261 1.61
288 579.66 956.42 9.26 0.2366 1.63
289 75.04 958.69 36.27 0.2237 1.4
290 1654.03 957.75 7.39 0.2151 1.6
291 373.75 968.22 617.44 0.2314 2.6
292 661.09 963.1 31.32 0.2241 1.53
293 1009.69 963.3 21.37 0.2269 1.34
294 1772.13 970.71 5.54 0.2377 2.04
295 1314.62 971.78 4.91 0.2235 1.83
296 906.71 973.29 7.82 0.2225 1.58
297 1038.19 974.62 10.24 0.2359 1.93
298 1610.7 989.65 593.39 0.2263 2.29
299 116.03 984.52 44.3 0.2247 1.33
300 1142.47 984.97 35.65 0.215 1.41
301 154.51 987.3 77.42 0.2225 1.21
302 1899.87 984.88 18.28 0.2318 1.55
303 1767.53 994.57 295.42 0.2406 1.22
304 1212.14 988.05 7.77 0.2287 1.59
305 984.76 990.65 16.74 0.2241 1.6
306 29.61 992.84 41.9 0.2241 1.65
307 503.79 995.23 11.81 0.224 1.72
308 181.46 1002.03 47.9 0.215 1.31
309 549.45 1004.98 27.38 0.2241 1.28
310 834.43 1004.47 15.95 0.215 1.9
311 1822.68 1003.03 6.69 0.2418 2.8
312 140.86 1009.32 19.32 0.2383 1.8
313 575.52 1008.44 10.63 0.2337 1.78
314 1523.74 1010.64 23.76 0.2246 1.35
315 400.46 1014.85 63.05 0.2243 1.51
316 1186.93 1013.63 10.52 0.2225 2.45
317 1513.49 1014.0 4.51 0.215 2.02
318 876.65 1017.31 9.62 0.2249 2.17
319 487.25 1020.99 60.28 0.2386 1.29
320 810.96 1021.67 12.12 0.2151 1.44
321 983.68 1021.76 10.19 0.215 1.46
322 419.69 1023.42 16.52 0.2222 1.89
323 1224.61 1023.16 21.16 0.2229 2.81
324 509.86 1032.28 26.76 0.222 1.32
325 149.2 1030.83 6.46 0.2282 1.5
326 1473.12 1036.23 102.08 0.2286 1.22
327 749.34 1035.23 8.52 0.2354 1.55
328 1851.97 1043.57 34.37 0.224 1.26
329 945.15 1045.51 20.74 0.2244 1.46
330 304.7 1047.15 9.01 0.215 3.01
331 573.52 1046.33 11.13 0.236 1.39
332 922.4 1050.25 22.99 0.2244 1.48
333 45.11 1054.81 33.64 0.2241 1.58
334 527.28 1053.8 14.5 0.2244 2.42
335 1786.73 1053.0 6.42 0.2319 1.86
336 786.18 1056.4 20.41 0.2243 1.69
337 30.36 1055.35 10.88 0.215 1.81
338 1454.6 1060.34 30.69 0.2246 1.27
339 587.62 1068.3 87.75 0.2257 1.22
340 1812.67 1073.49 106.16 0.2378 1.19
341 107.39 1071.91 18.02 0.2241 1.52
342 531.78 1074.55 22.29 0.2241 1.57
343 1148.72 1074.55 25.83 0.2243 1.46
344 461.45 1075.79 12.65 0.2336 1.75
345 634.46 1078.03 14.02 0.2244 2.36
346 388.15 1080.67 21.15 0.2241 1.63
347 1011.29 1083.28 14.54 0.224 2.26
348 477.92 1086.04 18.37 0.2243 1.69
349 729.1 1084.92 15.92 0.2241 1.54
350 1234.77 1086.27 11.53 0.2435 2.12
351 1057.98 1087.98 7.57 0.2301 1.7
352 613.26 1092.19 22.26 0.2241 1.62
353 850.47 1104.42 957.09 0.2087 -0.07
354 1916.28 1098.24 155.25 0.2257 1.19
355 502.74 1095.35 8.1 0.2249 3.1
356 1303.97 1107.81 869.67 0.2087 -0.04
357 756.32 1097.44 21.42 0.2243 1.51
358 960.14 1095.82 6.14 0.2365 1.51
359 1590.91 1099.0 18.31 0.2264 2.49
360 1851.38 1100.17 5.01 0.215 1.65
361 1943.84 1104.69 46.53 0.2254 1.25
362 369.83 1103.91 7.78 0.2225 2.5
363 427.27 1105.49 8.4 0.2244 2.95
364 978.4 1109.59 8.4 0.2281 2.06
365 1831.09 1109.95 23.72 0.2263 2.13
366 239.83 1114.38 41.75 0.2244 1.37
367 493.6 1113.87 27.5 0.2243 1.57
368 1383.13 1115.18 25.45 0.2232 1.47
369 325.53 1118.12 41.13 0.2243 1.45
370 251.91 1118.71 20.66 0.2244 1.65
371 475.91 1119.98 26.89 0.2243 1.42
372 122.58 1120.05 16.61 0.2243 1.57
373 550.27 1123.72 20.36 0.2241 1.66
374 318.45 1126.25 18.57 0.2244 1.47
375 99.26 1127.53 15.2 0.2241 2.44
376 451.88 1131.16 26.83 0.224 1.45
377 633.78 1131.68 36.14 0.2215 1.35
378 760.02 1138.03 12.47 0.222 1.54
379 592.69 1141.64 6.52 0.2383 1.58
380 1039.1 1142.22 9.68 0.215 1.45
381 506.66 1143.5 9.89 0.215 1.44
382 1694.85 1150.99 18.29 0.2247 2.48
383 1249.18 1148.85 4.6 0.2289 1.2
384 533.81 1151.92 18.92 0.2225 1.52
385 1946.06 1151.11 10.11 0.2244 1.55
386 819.53 1153.41 15.57 0.2241 1.75
387 1873.59 1153.26 28.66 0.2241 1.44
388 986.69 1158.37 35.08 0.2243 2.18
389 1756.52 1156.01 12.88 0.2235 1.86
390 886.94 1156.34 10.22 0.2222 2.23
391 365.67 1159.0 14.26 0.2243 2.07
392 83.0 1163.5 10.33 0.2383 1.98
393 951.27 1167.44 34.87 0.2244 1.49
394 1777.8 1169.33 87.17 0.2223 1.22
395 285.67 1165.99 7.14 0.2398 2.6
396 1198.79 1167.82 7.64 0.2228 1.86
397 365.32 1170.36 14.79 0.2235 2.57
398 1677.56 1170.43 17.54 0.2241 1.55
399 81.58 1173.06 15.19 0.233 2.42
400 497.87 1176.3 8.38 0.2327 1.44
401 801.67 1177.73 14.21 0.2241 1.76
402 1437.18 1177.19 7.4 0.2273 5.95
403 1767.53 1179.27 33.71 0.2279 1.47
404 1293.54 1178.35 9.68 0.2235 2.0
405 82.54 1251.5 2446.05 0.2087 -0.07
406 643.38 1185.09 14.39 0.224 1.39
407 357.36 1186.25 31.94 0.2243 1.53
408 1481.71 1186.22 11.97 0.2254 1.72
409 1164.9 1190.04 20.6 0.224 1.71
410 418.51 1191.17 35.35 0.2243 1.51
411 1102.25 1193.98 17.41 0.2241 1.97
412 892.86 1197.91 32.74 0.2241 1.54
413 133.28 1202.1 106.14 0.2151 1.21
414 162.23 1197.4 5.05 0.2417 2.58
415 1298.89 1203.69 276.26 0.2238 1.39
416 1171.09 1201.13 22.14 0.2241 1.42
417 690.66 1201.32 12.01 0.2346 2.0
418 682.23 1202.07 14.43 0.2232 1.45
419 937.81 1201.63 6.23 0.2414 1.87
420 886.03 1203.83 18.87 0.2241 1.51
421 453.54 1207.31 10.01 0.224 1.84
422 1540.87 1211.55 183.82 0.2235 1.33
423 1177.36 1207.89 10.38 0.2275 2.04
424 1063.92 1213.44 27.55 0.224 1.59
425 441.46 1211.94 8.63 0.222 1.62
426 1513.65 1218.43 80.04 0.2319 1.25
427 531.81 1222.85 54.6 0.2276 2.44
428 728.63 1220.72 11.38 0.2287 2.17
429 294.29 1223.35 13.67 0.233 1.64
430 352.51 1224.43 12.98 0.2241 1.78
431 26.01 1230.16 196.16 0.2289 1.25
432 1278.61 1227.84 22.78 0.2246 1.35
433 285.42 1228.73 16.6 0.2348 1.96
434 1161.68 1235.67 36.02 0.2429 1.87
435 666.2 1240.0 45.17 0.2226 1.42
436 109.93 1238.29 11.06 0.2353 1.73
437 1299.53 1238.62 11.04 0.2412 1.64
438 147.13 1239.37 6.56 0.2342 1.67
439 881.59 1240.96 8.35 0.2316 1.69
440 165.05 1244.02 12.19 0.2252 1.91
441 1520.13 1247.17 7.36 0.2243 2.96
442 624.19 1250.12 25.43 0.2241 1.52
443 668.66 1250.77 25.38 0.2273 1.35
444 1126.67 1255.79 74.47 0.2228 1.33
445 378.19 1255.37 15.34 0.224 2.0
446 1465.16 1253.78 4.48 0.2229 2.13
447 1898.74 1254.68 9.67 0.2287 2.64
448 927.3 1267.0 214.63 0.2304 3.47
449 648.08 1257.44 10.97 0.2244 2.3
450 895.43 1260.14 27.78 0.2241 1.64
451 1053.16 1259.98 6.73 0.2228 2.14
452 854.8 1261.59 14.77 0.2275 1.61
453 428.48 1264.82 9.49 0.2382 1.89
454 1436.03 1268.66 32.87 0.215 1.54
455 1659.87 1268.73 11.63 0.2243 2.52
456 540.27 1273.53 48.47 0.215 1.7
457 853.55 1273.57 36.18 0.2243 1.72
458 348.66 1273.59 7.47 0.2334 1.68
459 640.08 1275.7 18.17 0.2244 1.42
460 1701.16 1277.89 64.68 0.2279 1.2
461 1024.65 1277.22 9.36 0.2215 1.62
462 976.01 1278.54 10.86 0.222 1.42
463 1085.63 1280.23 10.92 0.2241 1.75
464 996.08 1286.76 27.01 0.2241 1.5
465 1782.45 1286.85 12.69 0.2249 3.15
466 878.3 1289.05 13.9 0.2243 1.92
467 663.05 1291.18 24.26 0.2238 1.36
468 786.32 1293.64 182.65 0.222 1.29
469 260.25 1293.16 17.59 0.2228 1.27
470 652.84 1293.88 6.06 0.2404 1.89
471 845.51 1294.82 10.35 0.2222 2.06
472 129.18 1298.37 16.97 0.2243 1.61
473 928.85 1297.94 7.72 0.226 1.53
474 1325.18 1300.74 52.26 0.2243 6.79
475 322.7 1299.99 12.8 0.215 1.82
476 992.49 1300.02 6.44 0.2298 1.57
477 1345.9 1299.6 12.29 0.2241 2.01
478 1278.2 1300.33 7.03 0.2307 2.05
479 1054.96 1301.52 5.88 0.2346 2.3
480 1022.23 1306.25 34.6 0.2241 1.48
481 1071.27 1308.57 28.74 0.2241 1.5
482 368.85 1310.41 7.81 0.2342 1.87
483 977.78 1311.08 16.1 0.2287 5.29
484 393.27 1310.57 8.18 0.2372 1.71
485 706.99 1313.9 29.17 0.2241 1.44
486 1138.27 1313.15 14.08 0.2215 1.61
487 340.21 1316.34 22.59 0.2243 1.56
488 1534.79 1319.73 49.39 0.215 1.35
489 316.74 1327.09 21.7 0.2235 1.45
490 1841.58 1327.56 22.52 0.229 1.39
491 609.31 1332.56 34.61 0.215 1.31
492 653.31 1331.17 12.36 0.215 1.5
493 857.17 1331.21 9.33 0.215 1.68
494 883.76 1334.72 11.95 0.2336 1.68
495 1408.2 1335.45 12.04 0.2351 1.57
496 1703.9 1339.08 17.33 0.2241 3.35
497 1613.07 1341.37 40.9 0.2244 1.55
498 194.06 1343.79 12.22 0.2377 1.95
499 745.74 1346.62 15.43 0.2225 1.74
500 1788.07 1348.69 12.45 0.2289 2.14
501 959.39 1353.44 19.78 0.2246 1.53
502 1036.04 1352.51 19.54 0.2244 1.52
503 704.81 1357.57 25.67 0.2244 1.71
504 1642.19 1353.68 6.44 0.215 1.59
505 737.77 1355.39 8.22 0.2293 1.79
506 1022.82 1357.41 24.27 0.215 1.4
507 1300.74 1355.72 12.22 0.2295 1.88
508 1837.48 1361.65 231.72 0.2395 1.19
509 258.48 1357.23 10.22 0.2368 1.52
510 1480.28 1369.08 48.14 0.2286 1.33
511 350.8 1366.72 19.62 0.2241 1.63
512 515.84 1366.46 10.45 0.2215 1.83
513 1902.83 1370.36 18.64 0.2241 3.23
514 1374.27 1379.57 8.76 0.215 1.39
515 1403.04 1388.35 306.34 0.2217 1.26
516 292.11 1386.84 6.73 0.2388 1.64
517 1429.75 1387.41 7.97 0.2346 4.19
518 1008.7 1387.98 12.38 0.2241 1.73
519 1072.96 1391.06 10.35 0.2314 3.52
520 1058.66 1393.89 31.66 0.2319 8.45
521 794.82 1393.16 9.38 0.231 1.53
522 689.04 1395.95 8.29 0.2281 2.21
523 937.6 1395.61 8.68 0.2247 1.5
524 86.01 1399.15 36.35 0.2151 1.26
525 1370.72 1398.67 8.9 0.238 1.73
526 1158.37 1404.11 35.74 0.2243 1.5
527 1409.74 1402.42 14.14 0.2254 1.76
528 1056.99 1404.89 14.44 0.2348 1.66
529 1717.54 1405.66 19.64 0.2406 11.21
530 755.52 1406.96 9.52 0.2377 1.69
531 1233.37 1415.9 26.47 0.218 1.32
532 409.95 1414.51 12.19 0.2225 3.58
533 1585.75 1417.48 9.75 0.2322 2.59
534 417.31 1420.04 10.89 0.2241 1.45
535 1148.8 1422.31 25.38 0.224 1.78
536 185.41 1424.53 41.8 0.224 1.32
537 1282.81 1423.5 9.81 0.2423 1.55
538 1275.75 1427.12 28.9 0.2234 1.38
539 1254.16 1429.46 23.94 0.2244 1.52
540 1525.7 1429.56 16.96 0.2412 7.94
541 474.63 1431.43 20.94 0.224 1.56
542 1461.93 1436.06 15.19 0.2295 2.12
543 386.02 1438.5 25.82 0.2292 1.41
544 1580.43 1440.3 34.05 0.2275 1.34
545 1529.99 1437.71 5.98 0.2417 6.18
546 356.12 1448.01 36.11 0.2287 2.18
547 435.56 1449.57 30.02 0.2243 1.58
548 1257.39 1450.23 8.52 0.2266 2.17
549 1094.61 1458.21 5.06 0.2257 1.53
550 355.13 1461.97 12.89 0.2417 2.55
551 1259.34 1464.74 39.17 0.215 1.32
552 1113.62 1464.27 9.93 0.2328 1.59
553 997.2 1465.68 13.4 0.2234 2.04
554 355.25 1466.78 19.85 0.234 2.1
555 1095.42 1468.25 22.32 0.2238 1.54
556 1189.71 1467.46 10.02 0.236 2.44
557 1516.05 1467.02 8.63 0.2328 1.36
558 367.32 1471.37 15.11 0.225 3.36
559 1222.5 1472.02 6.21 0.2287 2.1
560 353.66 1599.08 8847.47 0.2087 -0.07
561 385.92 1474.26 22.83 0.243 1.82
562 506.83 1477.95 49.23 0.2282 1.3
563 1278.26 1478.31 43.32 0.2243 1.47
564 35.82 1478.67 14.04 0.2311 1.53
565 1052.65 1479.92 14.4 0.2301 1.65
566 1875.06 1482.88 16.84 0.2243 2.46
567 79.46 1483.19 8.62 0.2397 1.72
568 1267.18 1485.22 32.95 0.2385 10.33
569 1408.41 1485.71 9.97 0.226 1.9
570 1503.38 1488.57 26.54 0.2244 1.69
571 373.16 1491.86 86.17 0.2247 1.23
572 1316.65 1490.34 33.02 0.2243 1.35
573 1230.71 1491.58 12.08 0.2243 1.63
574 1451.82 1495.03 24.82 0.2397 6.66
575 713.63 1500.17 89.47 0.2305 1.27
576 378.56 1499.29 12.24 0.2243 1.69
577 775.76 1503.12 54.31 0.2215 1.25
578 193.61 1508.41 276.27 0.2382 1.34
579 1224.17 1501.86 7.61 0.2447 1.69
580 691.61 1505.46 42.67 0.2244 1.59
581 1518.43 1506.46 39.45 0.2241 1.48
582 423.79 1506.03 15.17 0.2243 1.76
583 336.68 1507.61 7.77 0.2369 6.33
584 1296.28 1508.46 19.21 0.2243 1.58
585 150.99 1508.74 7.33 0.2286 1.63
586 1129.95 1519.34 39.72 0.2257 1.44
587 1715.01 1518.35 14.53 0.224 1.41
588 908.36 1520.42 28.2 0.2241 1.36
589 1517.2 1520.29 10.18 0.2281 1.59
590 310.78 1529.43 9.07 0.2336 1.47
591 277.01 1533.4 7.39 0.2339 1.68
592 837.59 1535.58 32.79 0.215 1.38
593 888.77 1540.41 8.07 0.2343 1.53
594 1389.5 1543.33 32.3 0.2307 1.93
595 1516.57 1542.13 12.46 0.2378 1.71
596 1760.2 1542.55 15.31 0.2287 1.41
597 1325.9 1546.42 59.36 0.2371 7.41
598 1893.15 1549.11 14.71 0.2222 1.67
599 1447.13 1549.9 7.16 0.2258 1.67
600 197.23 1554.24 10.9 0.2287 2.59
601 890.55 1571.67 20.27 0.224 1.8
602 1049.48 1572.38 20.19 0.2429 4.65
603 1427.73 1573.47 19.7 0.2243 2.6
604 1806.46 1581.39 37.22 0.2244 1.39
605 1558.43 1579.51 12.46 0.2235 2.03
606 740.85 1584.15 7.45 0.2403 2.07
607 1245.68 1587.59 6.99 0.2287 1.63
608 1827.56 1592.76 85.59 0.2345 1.22
609 1614.89 1595.65 12.82 0.2235 1.36
610 135.62 1603.25 197.83 0.236 1.34
611 419.03 1599.61 21.69 0.2243 1.56
612 851.6 1599.38 7.02 0.2339 2.38
613 1116.02 1605.57 7.39 0.2279 1.66
614 244.41 1611.81 4.91 0.24 2.97
615 1347.27 1615.75 42.72 0.2241 1.42
616 1162.92 1622.69 412.57 0.2282 1.28
617 209.1 1624.44 13.87 0.229 1.88
618 1331.81 1630.13 34.59 0.2281 1.35
619 1797.99 1626.47 6.28 0.2269 2.66
620 1407.51 1630.34 19.54 0.2289 2.06
621 631.51 1632.2 35.52 0.2237 1.52
622 328.09 1635.48 20.4 0.229 2.27
623 905.77 1638.11 65.29 0.2238 1.26
624 1668.12 1641.17 75.62 0.2359 1.24
625 353.18 1637.46 8.52 0.2473 0.01
626 276.55 1640.21 20.17 0.2241 2.03
627 351.89 1641.55 28.84 0.2351 3.16
628 538.8 1650.8 83.04 0.2225 2.98
629 870.02 1646.08 19.92 0.2389 4.25
630 354.44 1647.71 13.84 0.2397 3.15
631 131.82 1666.74 2848.64 0.2314 1.39
632 648.98 1651.0 11.2 0.2241 2.09
633 862.73 1656.95 23.29 0.2383 4.33
634 777.88 1659.1 8.87 0.2225 1.45
635 1171.94 1659.88 11.07 0.2154 1.62
636 1432.14 1664.7 10.23 0.215 1.72
637 248.06 1673.71 86.8 0.2346 1.25
638 1290.39 1670.48 8.69 0.238 2.02
639 1761.98 1676.51 51.5 0.2244 1.56
640 850.19 1674.75 11.34 0.2382 6.76
641 525.07 1679.54 32.54 0.2222 1.7
642 1211.79 1680.98 26.76 0.2243 1.71
643 1518.8 1683.91 6.83 0.2252 0.92
644 817.9 1689.54 28.79 0.2243 1.39
645 559.69 1693.24 12.94 0.222 1.47
646 1226.09 1692.83 12.23 0.2388 5.42
647 735.83 1697.14 42.92 0.2267 1.28
648 991.42 1696.21 4.97 0.2272 2.13
649 259.48 1703.99 5.26 0.2327 3.41
650 1382.92 1711.99 15.08 0.2263 2.02
651 350.0 1713.71 10.43 0.2359 2.66
652 884.42 1717.16 32.5 0.2225 2.3
653 488.05 1717.6 33.87 0.2243 1.48
654 933.02 1726.69 34.4 0.2243 1.48
655 468.46 1725.17 11.74 0.2365 3.57
656 349.6 1725.83 7.25 0.2412 2.41
657 460.8 1730.12 43.98 0.2249 2.38
658 1549.78 1727.44 12.7 0.24 1.8
659 1529.31 1731.74 23.9 0.2241 1.65
660 743.28 1733.34 12.31 0.2394 1.91
661 1431.08 1740.89 77.18 0.2154 1.5
662 1668.94 1734.67 9.61 0.2151 2.02
663 704.26 1736.07 11.69 0.2327 1.89
664 1325.98 1735.6 10.32 0.2235 10.27
665 424.33 1744.29 119.27 0.2339 1.36
666 444.52 1745.46 26.99 0.2244 1.46
667 1459.19 1753.41 8.85 0.2273 2.76
668 952.61 1755.44 15.59 0.2287 1.54
669 1729.73 1758.48 21.52 0.2339 2.74
670 1312.54 1763.85 41.44 0.2241 1.4
671 947.11 1762.82 11.47 0.2249 2.21
672 1444.92 1775.42 86.43 0.2319 1.26
673 1138.85 1782.51 7.1 0.2383 1.88
674 533.49 1787.16 47.36 0.2243 1.67
675 462.76 1787.86 15.75 0.2287 1.77
676 1159.9 1787.51 10.29 0.2378 2.1
677 1436.79 1790.33 17.03 0.2275 7.06
678 1679.21 1805.99 146.22 0.2241 1.32
679 1045.82 1805.57 10.88 0.2366 2.09
680 1289.99 1809.45 62.93 0.2382 6.45
681 859.38 1812.54 51.85 0.2293 1.64
682 1194.7 1816.95 22.29 0.2243 1.45
683 592.88 1815.13 7.2 0.2401 1.62
684 1340.38 1826.68 99.89 0.2316 1.28
685 1360.13 1828.05 14.01 0.2228 9.34
686 1176.81 1831.19 17.2 0.215 1.88
687 1812.49 1833.63 11.91 0.2327 1.67
688 1124.71 1835.97 6.85 0.222 1.91
689 574.47 1842.65 49.24 0.2243 1.34
690 1097.93 1839.48 15.77 0.215 1.56
691 969.36 1843.99 21.44 0.2362 6.18
692 1114.08 1844.25 11.93 0.2243 1.62
693 1735.94 1857.04 27.21 0.2244 1.48
694 1789.27 1873.09 228.82 0.2286 1.31
695 1906.64 1866.59 12.42 0.2439 1.82
696 1708.12 1869.66 19.63 0.2247 2.45
697 1913.25 1873.64 27.48 0.2339 2.91
698 1510.07 1875.58 8.17 0.215 1.3
699 727.61 1888.37 6.75 0.2375 1.7
700 1320.32 1898.84 30.37 0.2243 1.34
701 82.61 1897.61 13.67 0.215 1.98
702 548.69 1900.8 13.84 0.2241 4.13
703 197.55 1902.23 4.87 0.2241 1.72
704 1294.13 1905.91 15.32 0.2308 1.5
705 1498.77 1910.88 22.54 0.2241 2.14
706 1898.98 1908.16 6.79 0.2153 1.49
707 439.38 1910.14 11.89 0.2409 1.52
708 247.24 1912.94 11.78 0.2395 2.16
709 1480.19 1913.21 24.85 0.2238 5.84
710 1225.9 1918.92 28.37 0.215 1.43
711 537.19 1931.08 32.32 0.215 1.47
712 782.8 1929.97 7.39 0.2372 1.92
713 190.62 1956.43 129.48 0.2287 1.54
714 319.77 1949.31 8.28 0.2282 1.53
715 1400.73 1952.08 12.18 0.2234 2.03
716 1674.38 1960.03 89.91 0.2243 1.42
717 1140.51 1955.14 10.66 0.2438 1.52
718 1813.7 1957.22 35.52 0.2362 2.94
719 693.43 1960.74 10.11 0.2426 1.87
720 1743.31 1961.53 11.62 0.2281 1.83
721 286.38 1962.88 4.28 0.2369 1.75